#Viridian City
-1629 64 19
-1630 64 20
-1631 64 19
-1632 64 20
-1633 64 19
-1634 64 20

-1661 64 116
-1660 64 115
-1661 64 114
-1660 64 113


#Route 2
-1706 64 189
-1707 64 190
-1706 64 191
-1707 64 192
-1706 64 193
-1707 64 194
-1706 64 195

-1706 64 226
-1707 64 227
-1706 64 228
-1707 64 229

#R2 North
-1692 64 466
-1691 64 465
-1690 64 466
-1689 64 465
-1688 64 466
-1687 64 465
-1686 64 466
-1685 64 465



#Cerulean City
-2765 64 667
-2764 64 666
-2763 64 667
-2762 64 666
-2761 64 667


#Route 8
-3034 64 309
-3035 64 310
-3034 64 311

-3103 64 321
-3102 64 322
-3103 64 323


#Route 9
-2890 64 733
-2889 64 734
-2890 64 735
-2889 64 736
-2890 64 737
-2889 64 738
-2890 64 739
-2889 64 740


#Vermilion
-2723 64 -79
-2724 64 -78
-2725 64 -79
-2726 64 -78
-2727 64 -79
-2728 64 -78
-2729 64 -79
-2730 64 -78
-2731 64 -79
-2732 64 -78


#Route 10
-3274 64 675
-3275 64 676
-3274 64 677
-3275 64 678
-3274 64 679
-3275 64 680


#Celadon
-2418 64 268
-2419 64 267
-2420 64 268
-2421 64 267
-2422 64 268
-2423 64 267


#Route 13
-3208 64 -325
-3207 64 -326
-3208 64 -327
-3207 64 -328
-3208 64 -329
-3207 64 -330
-3208 64 -331


#Route 14
-2907 64 -432
-2906 64 -431
-2905 64 -432
-2904 64 -431

-2931 64 -472
-2932 64 -473
-2931 64 -474
-2932 64 -475
-2931 64 -476
-2932 64 -477

-2877 64 -531
-2878 64 -532
-2877 64 -533
-2878 64 -534
-2877 64 -535
-2878 64 -536

#Route 16
-2188 64 329
-2189 64 330
-2190 64 329
-2191 64 330
-2192 64 329


#Route 25
-2949 64 1001
-2950 64 1002d
-2951 64 1001
-2952 64 1002
-2953 64 1001

-2957 64 1004
-2958 64 1005
-2959 64 1004
-2960 64 1005
-2961 64 1004
-2962 64 1005

#Route 28
-1042 64 48
-1041 64 47
-1040 64 48
-1039 64 47

#Route 30
-192 64 -188

#Route 31
-173 64 -122
-172 64 -123


#Route 32
138 64 -264
137 64 -263
136 64 -264
135 64 -263
134 64 -264
133 64 -263
132 64 -264
131 64 -263
130 64 -264
129 64 -263
128 64 -264
127 64 -263


#Ilex Forest
618 64 -708
617 64 -709
616 64 -708


#Route 35
435 64 -101
434 64 -102
433 64 -101
432 64 -102
431 64 -101
430 64 -102


#Route 42
101 64 164
102 64 163
103 64 164
104 64 163
105 64 164


#Route 43
-104 64 382
-103 64 383
-104 64 384
-103 64 385


#Lake of Rage
-75 64 612
-74 64 613
-73 64 612
-72 64 613
-71 64 612

-63 64 665
-62 64 666
-61 64 665
-60 64 666
-59 64 665

-101 64 677
-100 64 676
-99 64 677
-98 64 676
-97 64 677
-96 64 676

-161 64 719
-162 64 718
-163 64 719
-164 64 718
-165 64 719


#
