-3348 49 667
-3315 64 96
-3306 33 672
-3289 65 -136
-3285 64 604
-3274 64 591
-3273 64 616
-3271 64 -209
-3263 64 -260
-3244 49 595
-3241 65 588
-3231 64 582
-3214 33 582
-3212 33 547
-3208 49 570
-3207 64 690
-3167 64 706
-3161 64 -16
-3114 64 691
-3098 64 -368
-3068 64 772
-3043 64 -16
-3025 51 119
-3017 64 956
-3011 51 131
-3008 51 198
-2990 51 151
-2980 64 343
-2971 64 984
-2953 64 740
-2939 64 1009
-2928 64 -424
-2924 64 691
-2869 64 1013
-2865 64 -546
-2834 64 656
-2801 65 290
-2799 64 219
-2790 58 487
-2788 58 178
-2783 61 786
-2768 64 427
-2767 64 345
-2751 64 509
-2723 64 -77
-2721 64 866
-2720 64 1002
-2703 64 92
-2702 64 218
-2694 64 -32
-2682 64 278
-2668 64 656
-2647 75 854
-2618 55 848
-2612 64 376
-2607 64 885
-2600 64 -530
-2598 53 891
-2594 75 844
-2580 64 862
-2569 75 837
-2562 66 889
-2496 64 338
-2491 64 391
-2465 64 757
-2462 64 -491
-2441 64 690
-2418 64 -708
-2409 64 -668
-2408 64 -683
-2378 64 -703
-2374 64 -683
-2365 71 388
-2363 83 397
-2345 64 763
-2273 64 398
-2246 64 806
-2242 64 424
-2234 64 789
-2232 44 839
-2212 64 705
-2210 64 783
-2202 44 842
-2201 42 817
-2192 44 832
-2188 44 832
-2181 64 662
-2174 64 -554
-2170 64 781
-2170 64 809
-2170 64 847
-2123 64 -880
-2118 64 711
-2114 37 -872
-2110 21 -833
-2097 37 -865
-2094 51 -860
-2093 64 239
-2087 35 -851
-2073 43 -874
-2069 51 -847
-2067 53 -861
-2065 35 -850
-2054 21 -876
-2046 64 -328
-2044 27 -876
-1744 64 -838
-1742 64 520
-1724 65 -310
-1722 65 -310
-1720 65 -310
-1718 64 213
-1718 65 425
-1717 64 -674
-1717 64 263
-1715 64 -472
-1713 64 80
-1701 64 307
-1701 64 407
-1700 64 520
-1693 64 364
-1676 64 -713
-1659 64 -834
-1641 64 439
-1621 64 9
-1619 64 360
-1606 64 555
-1599 64 711
-1597 64 439
-1580 64 293
-1579 64 347
-1569 54 -858
-1556 54 -828
-1550 48 -837
-1549 48 -861
-1540 42 -884
-1532 42 -849
-1527 48 -859
-1524 54 -873
-1523 42 -869
-1518 42 -861
-1509 36 -838
-1505 51 489
-1504 48 -870
-1503 37 -874
-1503 43 -846
-1503 36 -846
-1499 54 -829
-1481 36 -869
-1474 36 -873
-1474 30 482
-1460 36 518
-1460 55 538
-1437 39 466
-1435 51 483
-1429 39 478
-1415 51 528
-1406 41 517
-1394 55 484
-1379 19 428
-1375 51 481
-1375 36 496
-1359 64 -1
-1292 64 212
-1268 64 -89
-1166 64 56
-1142 64 45
-1105 64 -539
-1095 64 60
-1063 64 -541
-1020 64 268
-1006 68 120
-988 76 341
-986 70 255
-976 70 277
-961 64 119
-959 65 -509
-953 68 284
-948 64 213
-941 64 45
-869 55 -437
-829 29 407
-800 40 321
-777 16 401
-768 27 414
-755 38 313
-735 27 443
-734 49 367
-734 27 377
-732 65 -482
-727 75 -242
-724 49 320
-721 49 385
-720 74 586
-690 62 -487
-689 65 -479
-689 65 -473
-688 62 -487
-688 65 -473
-687 65 -479
-687 65 -473
-686 62 -487
-685 65 -479
-683 74 629
-636 64 -292
-611 74 567
-586 64 -484
-576 64 24
-569 64 -232
-560 64 -143
-458 64 210
-428 64 -357
-394 69 24
-394 64 185
-393 64 -119
-393 64 -51
-370 64 192
-324 64 119
-316 64 12
-283 64 188
-246 64 216
-235 65 -521
-235 64 -42
-232 64 733
-219 64 -445
-208 64 -90
-189 64 -368
-189 64 -88
-187 65 -387
-173 54 160
-166 34 165
-163 45 185
-155 64 360
-148 64 -153
-146 54 169
-136 34 204
-124 54 180
-122 34 218
-117 34 182
-97 64 586
-94 35 167
-81 45 181
-81 34 206
-73 65 731
-71 64 687
-65 64 723
-64 34 176
-62 54 200
-62 45 211
-17 64 13
-13 64 -84
-10 64 162
6 33 385
15 53 334
17 53 410
24 37 284
25 79 292
38 53 434
44 79 446
46 64 20
58 37 342
62 53 291
64 53 400
68 75 512
72 84 33
77 79 445
83 64 -225
88 53 438
89 57 415
95 64 183
99 33 268
104 57 375
109 64 -240
111 79 339
113 79 529
118 61 421
123 64 -546
123 79 308
127 64 167
128 65 -571
129 64 -396
149 64 -227
155 64 -468
167 64 33
169 33 327
176 64 -337
182 75 379
184 33 363
198 52 -154
198 52 -149
205 52 -154
205 52 -149
207 64 215
241 85 301
243 64 -575
244 106 326
246 39 -701
247 85 309
253 133 317
257 92 311
259 29 -678
261 133 302
264 64 -628
266 43 -688
270 78 299
272 85 305
272 133 327
290 66 -561
297 39 -673
301 29 -671
303 64 -556
303 64 -487
320 64 85
341 64 262
365 64 48
381 47 -282
382 47 -325
384 64 -8
398 38 -292
399 65 194
406 64 19
409 47 -331
421 38 -301
429 47 -285
431 64 -222
432 57 328
433 64 -581
436 64 327
443 64 322
444 64 -525
448 64 -692
457 88 -398
465 64 -745
465 38 -290
480 64 70
483 55 -327
487 64 -143
489 64 -762
497 64 -506
501 47 -332
501 50 -273
508 64 -762
511 55 -396
512 47 -336
512 65 -15
513 55 -269
521 64 -744
527 47 -324
532 64 -128
549 64 -695
552 64 -625
570 64 -667
587 64 -646
590 64 -42
606 64 -647
608 64 -29
613 64 -677
633 64 -687
654 64 210
699 108 -48
704 86 -33
706 108 -48
708 108 -46
710 75 -35
711 108 -46
777 65 273
791 64 171
792 65 -2
801 64 264
811 64 188
811 83 557
812 64 269
818 64 -31
927 64 -339
931 64 -335
932 64 -345
1106 64 -469
1138 95 255
1151 99 231
1152 110 298
1172 95 328
1216 109 189
1225 95 207
1241 89 198
1242 95 306
1257 85 238
1264 64 -301
1264 89 205
1295 95 279
1297 64 -390
1314 95 224
1315 95 255
1340 70 -363
1424 81 -399
1432 88 -372
1476 79 -443
1491 64 -441
1508 88 -415
1545 88 -130
1626 79 -441
1627 88 -140
1630 64 -459
1636 88 -197
1637 88 -344
1647 88 -261
